302, 6300, 10169, 71838, 508, 336, 1, Brett Farve
211, 2830, 5186, 40239, 290, 253, 3, Johnny Unitas
192, 3409, 5391, 40551, 273, 139, 4, Joe Montana
234, 4123, 7250, 51475, 300, 226, 2, John Elway
242, 4967, 8358, 61361, 420, 252, 0, Dan Marino
266, 6125, 9380, 71940, 539, 251, 2, Peyton Manning
246, 3686, 6467, 47003, 342, 266, 0, Fran Tarkenton
169, 2667, 4149, 33124, 232, 107, 3, Steve Young
196, 1808, 3149, 24718, 152, 138, 5, Bart Starr
168, 2025, 3901, 27989, 212, 210, 4, Terry Bradshaw
131, 1685, 2958, 22700, 153, 109, 2, Rager Staubach
181, 3297, 5604, 43040, 254, 242, 0, Dan Fouts
124, 2666, 4070, 32344, 208, 128, 1, Kurt Warner
140, 1886, 3762, 27663, 173, 220, 1, Joe Namath
184, 2270, 3793, 27938, 194, 222, 1, Ken Stabler
218, 2433, 4262, 32224, 255, 189, 1, Sonny Jurgensen
161, 1926, 3429, 25092, 192, 172, 2, Bob Griese
208, 3988, 8623, 49325, 291, 233, 0, Warren Moon
211, 2136, 3741, 28711, 239, 183, 2, Lee Dawson
165, 2898, 4715, 32942, 165, 141, 3, Troy Aikman
160, 2874, 4779, 35467, 237, 175, 0, Jim Kelly
192, 2654, 4475, 32838, 197, 160, 0, Ken Anderson
187, 2969, 5205, 37920, 247, 184, 0, Boomer Esiason
167, 2044, 3602, 25206, 160, 138, 1, Joe Theismann
183, 2366, 4408, 29444, 201, 149, 0, Roman Gabriel
157, 2533, 4206, 28743, 180, 104, 0, Rich Gannon
201, 2469, 4491, 31548, 214, 224, 0, John Brodie
122, 1436, 3073, 21218, 114, 183, 2, Jack Kemp
161, 2733, 4544, 31304, 174, 119, 0, Steve McNair
224, 2363, 4687, 33503, 244, 268, 1, John Hadi
164, 2576, 4647, 33462, 199, 157, 2, Phil Simms
167, 3170, 5374, 37276, 234, 117, 0, Donovan McNabb
161, 2429, 4289, 39979, 207, 134, 0, Randall Cunningham
194, 3839, 6717, 44611, 251, 206, 1, Drew Bledsoe
201, 2593, 5076, 34665, 209, 247, 0, Jim Hart
151, 1288, 2601, 19154, 164, 138, 2, Daryle Lamonica
102, 1430, 2551, 18190, 124, 101, 0, Bert Jones
233, 3787, 6701, 46233, 275, 267, 0, Vinny Testaverde
255, 1279, 2689, 20809, 161, 148, 3, Earl Morrall
157, 1943, 3701, 25882, 164, 198, 2, Jim Plunkett
126, 1090, 2133, 16042, 149, 111, 1, Frank Ryan
178, 2276, 4353, 30797, 196, 257, 0, Norm Snead
125, 1944, 3439, 23713, 154, 139, 0, Brain Sipe
156, 2829, 4335, 34183, 248, 117, 0, Tony Romo
213, 3105, 5311, 38147, 261, 199, 0, Dave Kreig
193, 2761, 4640, 32072, 184, 108, 1, Mark Brunell
143, 1807, 3217, 22464, 133, 88, 0, Michael Vick
177, 2668, 4326, 29054, 166, 122, 1, Brad Johnson
125, 2264, 3676, 25537, 161, 83, 0, Jeff Garcia
120, 2266, 3740, 28375, 162, 114, 0, Trent Green
209, 3222, 5330, 36638, 212, 153, 0, Matt Hasselbeck
188, 2187, 4117, 28190, 179, 164, 0, Ron Jaworski
105, 2016, 3199, 24153, 149, 206, 0, Daunte Culpepper
206, 2874, 5024, 34241, 196, 204, 0, Steve DeBerg
149, 1879, 3593, 26886, 182, 208, 0, Steve Grogan
207, 2053, 3786, 27908, 183, 187, 1, Craig Morton
198, 3487, 6261, 40922, 208, 196, 0, Kerry Collins
158, 2841, 4923, 34837, 203, 175, 0, Jim Everett
166, 1761, 2950, 21959, 155, 132, 1, Danny White
186, 2369, 4510, 29817, 196, 209, 0, Joe Ferguson
180, 2328, 4005, 28484, 170, 146, 0, Chris Chandler
146, 1276, 2300, 16052, 98, 103, 0, Greg Landry
165, 1737, 3392, 24410, 170, 181, 0, Charley Johnson
151, 2011, 3642, 23911, 125, 173, 0, Archie Manning
177, 2305, 3918, 26288, 129, 117, 0, Jim Harbaugh
104, 1170, 2308, 17199, 135, 111, 0, Don Merdith
119, 1492, 2573, 18184, 100, 90, 2, Jim McMahon
170, 1585, 2984, 20495, 152, 146, 0, Billy Kramer
104, 1466, 2813, 18473, 115, 88, 1, Mark Rypien
143, 2484, 4350, 29253, 161, 161, 0, Jake Plumer
129, 2110, 3602, 25094, 128, 98, 0, Ken O'Brien
152, 1357, 2338, 16430, 94, 71, 2, Jeff Hostetler
108, 1917, 3153, 22771, 136, 90, 0, Neil Lomax
140, 1669, 3149, 21115, 111, 141, 0, Jim Zorn
88, 1240, 2507, 16998, 100, 93, 1, Doug Williams
129, 1932, 3456, 24124, 156, 144, 0, Steve Bartkowski
130, 1759, 3172, 20518, 113, 129, 1, Trent Dilfer
141, 2677, 4442, 29745, 169, 165, 0, Jon Kitna
129, 2012, 3651, 24777, 159, 158, 0, Tommy Kramer
147, 1894, 3328, 24046, 147, 112, 1, Steve Beuerlein
119, 1827, 3241, 21711, 134, 99, 0, Jeff Blake
126, 1994, 3365, 23301, 124, 87, 1, Bernie Kosar
118, 1839, 3121, 21683, 135, 124, 0, Bobby Herbert
152, 1747, 3125, 23322, 141, 179, 0, Lynn Dickey
93, 1673, 2963, 20261, 123, 92, 0, Aaron Brooks
131, 2298, 3967, 27602, 154, 113, 0, Jeff George
125, 1865, 3229, 21690, 120, 68, 0, Neil O'Donnell
140, 1556, 3055, 18515, 103, 161, 1, Dan Pastorini
86, 1406, 2281, 16003, 80, 54, 0, David Garrad
118, 1426, 2808, 20063, 114, 108, 1, Jay Schroeder
103, 1741, 2032, 20975, 126, 101, 0, Jake Delhomme
125, 1316, 2358, 14746, 77, 84, 0, Kordell Stewart
96, 1969, 3171, 22814, 122, 93, 0, Marc Bulger
119, 1610, 2967, 20610, 124, 161, 0, Richard Todd
147, 1699, 3106, 21291, 114, 106, 0, Gus Freotte
129, 1306, 2419, 17536, 122, 127, 0, Milt Plum
93, 1752, 2796, 19440, 119, 99, 1, Brain Griese
90, 963, 1905, 14165, 98, 101, 0, Bill Nelsen
92, 1177, 2151, 14715, 86, 68, 0, Doung Flutie
89, 1632, 2471, 17823, 102, 64, 0, Chad Pennington
98, 1580, 2892, 19320, 123, 102, 0, Chris Miller
106, 1330, 2430, 17277, 105, 86, 0, Bill Kenny
88, 1431, 2516, 17191, 89, 84, 0, Stan Humphries
125, 1391, 2428, 17283, 99, 102, 1, Wade Wilson
105, 1446, 2445, 16774, 99, 81, 1, Elvis Grbac
99, 1301, 2346, 15692, 95, 81, 0, Scatt Mitchell
101, 1105, 1932, 13764, 81, 78, 0, Gary Danielson
107, 1070, 1982, 12896, 84, 80, 0, Bill Munson
90, 1519, 2518, 16771, 87, 60, 0, Jason Campbell
104, 1344, 2346, 16338, 76, 92, 0, Rodney Peete
185, 1248, 2337, 16079, 88, 106, 1, Mike Tomczak
94, 1353, 2267, 14452, 65, 71, 0, David Carr
96, 78, 1278, 2356, 15315, 77, 73, 1, Tony Banks
91, 912, 1751, 11295, 56, 83, 1, Mike Livingston
90, 1056, 1905, 12700, 66, 67, 0, Don Majkowski
83, 1317, 2299, 15337, 92, 79, 0, Erik Kramer
78, 661, 1173, 9197, 64, 64, 0, Bob Berry
119, 886, 1799, 10506, 55, 108, 0, Mike Phipps
76, 1008, 1717, 11844, 69, 66, 0, Jay Fiedler
87, 1613, 2712, 18037, 101, 69, 0, Kyle Orton
83, 607, 1149, 8136, 45, 59, 0, James Harris
60, 755, 1304, 8964, 46, 51, 0, Vince Young
99, 1207, 2212, 14445, 81, 78, 2, Bubby Brister
90, 911, 1564, 11142, 61, 51, 0, Tony Eason
102, 830, 1546, 10711, 55, 70, 0, Eric Hipple
91, 507, 1178, 6493, 36, 64, 0, Bobby Douglass
58, 687, 1300, 8558, 48, 63, 0, David Woodley
65, 731, 1363, 9296, 52, 60, 0, Pat Haden
126, 1085, 2081, 14391, 86, 102, 2, Marc Wilson
88, 934, 1701, 10439, 62, 42, 1, Steve Bono
75, 902, 1615, 11336, 76, 91, 0, Vince Ferragamo
81, 908, 1604, 11085, 61, 52, 1, Charlie Batch
60, 930, 1605, 10532, 58, 42, 1, Byron Leftwich
80, 1088, 2043, 11969, 50, 76, 0, Rick Mirer
81, 1424, 2538, 14693, 79, 85, 0, Joey Harrington
62, 1025, 1714, 11131, 64, 67, 0, Tim Couch
132, 754, 1509, 9414, 49, 63, 0, Mike Pagel
100, 704, 1390, 9485, 52, 74, 0, Vince Evans
51, 449, 918, 5911, 40, 64, 0, Joe Kapp
73, 560, 1110, 7111, 33, 69, 0, Bob Avellini
790, 605, 1066, 7156, 28, 41, 1, Steve Fuller
73, 839, 1648, 10175, 60, 81, 0, Mark Malone
73, 892, 1634, 10248, 44, 58, 0, Dave Brown
89, 513, 1048, 7133, 34, 67, 1, Jim Ninoski
52, 425, 785, 2063, 20, 31, 0, Virgil Carter
90, 560, 1110, 6270, 36, 63, 0, Jack Concannon
106, 597, 1151, 6878, 40, 60, 0, Steve Spurrier
82, 584, 1182, 7402, 43, 55, 0, Gary Cuozzo
69, 745, 1364, 8699, 45, 42, 0, John Friesz
54, 863, 1562, 10232, 56, 60, 0, Rex Grossman
79, 891, 1707, 10760, 59, 64, 0, Bill Joe Rolliver
65, 548, 974, 6870, 29, 39, 0, Steve Pelluer
75, 647, 1286, 8329, 51, 90, 0, Randy Johnson
92, 686, 1200, 8087, 48, 54, 1, Tommy Maddox
54, 456, 921, 6437, 35, 58, 0, Steve Ramsey
67, 873, 1644, 10243, 43, 69, 0, Jack Trudeau
79, 743, 1325, 9436, 49, 60, 0, Gary Hogeboom
96, 479, 916, 6230, 39, 40, 0, Jeff Kemp
52, 591, 1092, 7625, 41, 38, 0, Craig Erickson
77, 368, 730, 5034, 30, 40, 0, Bob Lee
81, 694, 1339, 7801, 39, 33, 0, Kent Graham
54, 335, 748, 4756, 23, 38, 0, Scott Hunter
80, 713, 1317, 7875, 40, 58, 0, Steve Walsh
123, 429, 881, 5553, 37, 71, 0, King Hill
54, 504, 980, 6205, 28, 51, 0, David Whitehurst
50, 489, 924, 6347, 35, 68, 0, Dennis Shaw
64, 574, 946, 6303, 33, 26, 1, Damon Huard
55, 645, 1074, 7597, 49, 36, 1, Matt Moore
90, 399, 809, 4904, 27, 50, 0, Marty Domres
167, 443, 779, 5349, 45, 42, 0, Don Strock
110, 575, 1282, 8176, 43, 84, 0, Pete Beathard
99, 354, 736, 4801, 36, 43, 0, Dick Shiner
61, 425, 898, 5552, 24, 48, 0, Joe Pisarcik
73, 512, 1046, 6457, 29, 54, 0, Socrr Brunner
66, 359, 684, 4506, 23, 43, 0, Cliff Stoudt
67, 861, 1519, 8931, 48, 54, 0, Kyle Boller
54, 546, 946, 6351, 34, 35, 0, Ty Detmer
53, 551, 1039, 6987, 36, 55, 0, Dave Wilson
106, 504, 972, 5816, 27, 32, 0, Steve Dils
85, 411, 767, 5269, 24, 37, 0, Paul McDonald
118, 508, 932, 6075, 40, 36, 0, Frank Reich
112, 305, 579, 4332, 28, 30, 2, Matt Cavanaugh
64, 468, 788, 4947, 31, 19, 0, Seneca Wallace
55, 336, 661, 4337, 18, 30, 0, David Archer
51, 449, 845, 5315, 33, 45, 0, Jack Thompson
145, 364, 657, 4320, 31, 35, 0, Pat Ryan
66, 292, 626, 4119, 24, 52, 0, Ralph Guglielmi
50, 225, 513, 2825, 18, 31, 0, Joe Reed
56, 369, 862, 5558, 43, 46, 0, Steve Tensi
62, 311, 504, 3788, 11, 20, 0, Turk Schonert
69, 244, 523, 3519, 18, 38, 0, Matt Robinson
64, 182, 413, 2765, 24, 37, 2, John Roach